INDEX.

Blount, Roget· le, 418.
mount, 116116,1616616,416,166, 466.

6116166661.

“ 81611, Τ. 16, 8616661161, 303.

811111116, Τ1161116,0116116611611,82, 83.

8161616, John, 557.

86611161, 8661166616 6616, 211.

866166666666, 622.

Bokeleretbury (Bucklersbury), 683.

8611616116, 1161611, 11166166161661, 228,
418, 600. See 8111161611.

8611616116, 1161111611, 81161111 66 161661,
228.

86161, Simon, 340.
861111616, william de, 385.
8616 :
6166 66111111 the place where 11666
161 161166, 210.
with 6 double penalty, 211.

86161161, 16116 enjoy the liberties of the
city, 452.

86161, Alexander, 515, 516.

‘⁴ 86166 66 the 8666,” 0116661 6161 the,
666, 166.

8616661111, 540, 632.

866616, Bartholomew, 604.

86661611, Bartholomew, 397, 398.

866161 (11 161661161116). See Botolph.

86161611,11168611 66 86111 (866161), 405,
551. See Hoylande.

Botolph, the Church 66 86111, without
111666161161661, 552.

8616161, the Ρ61161166 86111, 1161661, 558.

Botolph's whars, Saint, 549, 553, 554,
555, 559, 579, 582. See Botulves·
wharf.

Botulveswhart saint‘'356, 716. See
Botolph's wharf.
86116, the 0111161166 86111 Mary 161161-
661, 642, 700. 866 Mary
Bowyem, 8661166616 of the, 732.
1116112111, 634, 655, 676, 726, 738.
1116811666, 612, 613, 614.
1116666616 66, 642.

8166666616, 8611611, 603,
8161166616, Adam, 479, 480, 482, 483, 485.
866 8616616111.

483

81666611616(81666 street), 463, 8161161161,

394, 396, Bradstrete, 582, the
61761666.

81616, 81611616 66, 436.
81616616, Thomas de, 193.
8166, 1161116242,
8161166166, william de, 438, 439.
8161, 8611616 66, 91.
8166616, 6171111611 66, 104.
8166611 66666166661161, 202.
Bread:
8661166616 66 16166166161166666 66,
266.
the may 66, 349-351.
1161611616111166 66, 653.
· 01611616666168661116116166616, 356,
666166-166 See 611611.
81666 811661. 8668166661616.
8166661616 (81666 811661), 299, 81666·

strete, 242, 609, 8166611616, 108,
463.

816666166, Hem-y, 391, 392.

8161166166, Lucia, 1161 616111, 391-393.

81616616 (Bromley, in 866611), 232.

81611516111611616611666166 161661, 27,
41, 461, 666, 666.

8166611116, 542.

8161616, John, 'Warden 66 the city, 17, 18,
34, 559. 8668111616.

8161616, the 11661166 66 661166, 546.

8161161616611161161666 16, 266, 359, 698-
702. See Ale.

8161161616, 265, 366.

81166. See 811616.

811666, 16616 66, 34, 299, 463, 497.

811666 811661, 1161661, 374, 316. See
Briggestrete.

8116, 551.

8666661616 (811666 811661), 689. See
811666 811661

8666666161, John, 538.

811616 (6181166), 1116Ρ611611 66, 34, the
01116161, 86111, 96, 634, 635.

Β11111661161111, John de, Common Setjeant,
488. 866816116611611116.

8116161541.

Britain, 497.

811161161161616, 406.

H H 2

 

