INDEX.

111311311313, 637.

11181313313,236. 8331111111133311.

1111113131, 55, 56.

1113111331,11,33,43, 40, 102, 120, 133,
133133, 143, 143, 133, 133133,
333, 331, 311, 410, 411, 413, 503,
331, 333, 333, 331, 333, 333, 514,
617, 634, 661. 83311111313313.

1116113331,1113 1131133333 31, 7, 30.

1111333331113, 637.

Milgas, Hugh 113, 406.

11111131331113 removal 31, 606, 509, 612,
518.

111113111Ιί113, 297, 296.

Μ111313,1133311331113 1313113113, 354, 355,
131333.

Minor, 311113311311 and 1311133333111313,
107.

Minoresses, the, without Aldgate, 554.

1113331113113 31 justice, 291.

113131333, Thomas, 602.

11333331, william 13, 90.

113331, 0111333333 ss to, 673-575.

113331-31331313, 0111333333 33 13, 573-
575.

11333313, 420, 11333131, 425, John 13.
113311311. 833 Μ3331ο1113.

1133113131, 1113 Τ31131 31, 127. 833 ,

Μ31131131131.

1131111131, 111313133, 627.

11331,1113 [31113313111653 554, 555,
558, 581, 583.

11311333, Simon 113, 31194, 560.

Μ31311, 1113, 540.

11311 1113333131, 1113 Α33113 31, 187, 197,
404.

1131113131, 11313113, 624.

Mortimers, 1311, 313.

11311333, 1111Ιί3111113, charge against, 299,
300.

1133313113 1113311311), 502, Μ3331131113,
229, Simon 113, 11311 31 1313331111.

11333113131, the Tower 31, 535. 833
1133113131.

1133313313111013113111311). 833 11311.
11333131 (13 6311111131), 466.

507

1111111311
nint 313 31133331 33 charge 31, 106.
3111131111 33 accusation 31, and 333-
3113313333, 113.
llio ancient mode 3111311131 3 person
3331111311 31, 113.
1131113131, a, taking 3113313311 3311 abjuring
the 133113, 66.
11113133, Thomas 113, 300.
11133131, 1133311111, 31 1131131111, 13, 676,
684.
1113131, 11131331, 576.
Μ1313113111
3133111313 31 333 to 113 31 liberty to
follow 3331131, 361.
1133311133 131 1311311131 against 113 1133-
1311 31113, 494.
3311131 1113 11331313 and 1131111133 31
1113, 527.
11331313 31 113, 31331311 1311311313,
554.
3613133133 13 the 11331313 31 113, 666.
ominaeos 311113 different, 734-736.

N.

Nautes, 1331131331362, 666.
Naples, 1111331113, 554, 550.
11313113, 640.
limosam-channen, 323.
11331 (11331313 11331111), 343, 1133113, 416,
424, 11313, 228, 416, 421, 426, 427,
542,
Composition 31 the citizens 3113311311
with the Μ333113313 31, 718.
11331, Walter, 563.
113313. 83311331.
Nets:
proceedings 1311113 1131131 3313111111
333, 502. '
bumt, 502, 503, 504.
33131113 31113131, 514, 516.
0111333333 31 13, 577, 676.

 

